100
22796 416175 509 3889
390261 624250 793 3604
551829 156501 290 9929
149912 939037 311 9757
796957 839810 282 9931
875485 7159 356 3384
0 901046 291 7097
326220 915700 903 9929
573398 363283 454 7818
959568 295769 98 6407
944404 255543 859 6793
107135 684831 711 9941
549597 893615 966 984
354205 864226 789 9970
101231 508956 573 3415
322224 708990 821 307
682867 753673 596 9935
53347 904092 994 9955
0 0 10 5
624323 970409 501 2263
542256 0 705 2674
0 593858 867 1
136978 481763 530 9913
531666 21064 626 453
49118 749502 134 3420
579464 402028 31 9913
463117 813541 658 3163
366936 776288 429 1215
925055 331208 392 2196
734770 853378 143 3804
0 0 370 1
561352 491329 66 2555
580674 946707 669 7295
977909 684423 638 9985
616695 235481 865 9982
530745 916086 763 9914
512751 212591 746 9931
550586 412282 199 9968
504573 622538 657 9955
642202 289610 980 5723
460336 524569 46 9985
707025 197800 663 4001
297988 0 596 1
705565 519854 249 9962
491371 196739 608 9927
233832 674630 591 7028
826330 245563 368 9925
51988 49338 146 9992
801931 140773 399 3026
537151 185255 266 9941
608605 945846 704 2557
441040 116785 973 9916
960987 28894 154 9990
8984 631401 374 5566
623301 896770 785 1793
0 0 1000 10000
383542 884682 415 9807
272744 58103 256 6509
429775 184191 41 9962
193633 25549 588 9953
124856 849850 466 9959
883430 783798 391 9958
328622 339734 216 2085
743443 84038 566 9996
0 0 535 2904
491742 144899 920 9973
903932 719586 49 4197
938056 969499 805 5751
158517 469799 122 1224
817825 789914 750 9973
46140 17324 130 9950
390903 177128 449 9906
231534 695590 408 9901
231977 765498 46 7570
847991 74316 163 2447
943211 0 962 1
561881 584537 677 9938
132665 519463 985 9959
83162 712485 240 4615
213772 525490 250 6762
451015 126041 309 9917
140897 305935 362 9964
868028 866944 769 9885
993720 817932 216 3737
845476 167361 369 5710
258830 814506 337 1261
0 0 100 199
447665 409343 998 5582
125891 658964 685 9948
473323 490660 367 9902
78944 486870 41 9934
221169 414955 704 4409
665146 327520 308 9940
686194 951294 797 5955
579633 544718 831 9997
407095 713829 170 9947
693884 930527 884 9996
686051 221666 638 7012
134245 967428 902 9972
547445 799874 928 9946
